times <- c(34, 63, 25, 67, 60, 17, 10, 21, 11, 71, 28, 95, 57, 10, 76, 102, 60, 103, 76, 17, 165, 173, 60, 39, 24, 133, 54, 35, 99, 45, 7, 58, 104, 39, 18, 148, 40, 56, 86, 76, 6, 73, 13, 6, 94, 34, 56, 59, 134, 7, 47, 59, 27, 57, 19, 154, 138, 39, 24, 61, 4, 20, 51, 9, 78, 68, 4, 35, 100, 45, 23, 49, 25, 205, 45, 52, 49, 78, 23, 135, 37, 56, 36, 16, 44, 215, 5, 8, 33, 24, 92, 52, 29, 6, 16, 31, 31, 56, 45, 38, 17, 7, 37, 57, 43, 133, 29, 63, 22, 16, 20, 7, 35, 221, 39, 20, 38, 90, 12, 42, 64, 28, 18, 53, 45, 301, 102, 65, 26, 39, 34, 113, 16, 17, 66, 62, 125, 37, 60, 106, 97, 110, 22, 92, 5, 18, 113, 33, 40, 23, 7, 86, 59, 16, 53, 116, 52, 12, 70, 3, 93, 6, 148, 134, 58, 166, 25, 19, 65, 31, 58, 52, 99, 52, 19, 27, 13, 4, 55, 26, 44, 30, 49, 52, 90, 42, 25, 122, 54, 25, 31, 5, 37, 23, 4, 80, 18, 37, 92, 128, 3, 10, 107, 14, 55, 60, 99, 102, 19, 42, 80, 66, 55, 7, 91, 258, 5, 61, 72, 42, 10, 24, 23, 26, 115, 82, 161, 51, 36, 63, 25, 64, 3, 101, 13, 76, 56, 99, 35, 64, 3, 77, 58, 235, 52, 93, 9, 7, 7, 21, 44, 8, 77, 70, 108, 8, 29, 76, 13, 6, 34, 166, 29, 71, 72, 22, 12, 31, 3, 221, 90, 21, 7, 28, 45, 5, 14, 73, 126, 3, 46, 19, 57, 183, 40, 47, 76, 149, 41, 6, 120, 112, 46, 147, 109, 29, 19, 47, 15, 56, 9, 17, 81, 85, 16, 108, 20, 85, 25, 28, 83, 53, 9, 167, 3, 39, 34, 99, 135, 6, 31, 17, 28, 95, 5, 101, 73, 43, 178, 5, 60, 121, 6, 91, 14, 95, 38, 18, 88, 33, 11, 84, 83, 73, 56, 79, 87, 52, 88, 7, 195, 7, 32, 90, 49, 59, 97, 66, 100, 40, 20, 15, 114, 10, 19, 31, 3, 31, 3, 101, 82, 15, 10, 12, 28, 83, 19, 71, 52, 29, 120, 25, 5, 14, 67, 11, 10, 18, 10, 191, 70, 76, 36, 98, 33, 74, 56, 24, 8, 28, 7, 34, 165, 32, 80, 201, 88, 188, 26, 32, 134, 20, 85, 75, 41, 108, 96, 62, 77, 50, 46, 23, 26, 22, 11, 55, 62, 34, 162, 76, 20, 28, 12, 5, 22, 17, 16, 75, 117, 18, 34, 15, 10, 84, 151, 10, 21, 42, 57, 85, 13, 82, 26, 46, 17, 17, 44, 63, 11, 13, 5, 75, 112, 23, 19, 167, 21, 157, 24, 72, 56, 104, 42, 14, 42, 104, 26, 9, 30, 7, 6, 4, 71, 76, 8, 25, 117, 156, 85, 48, 41, 30, 89, 71, 53, 6, 42, 267, 34, 78, 3, 48, 76, 62, 53, 6, 44, 47, 3, 36, 113, 109, 54, 24, 36, 4, 15, 87, 40, 110, 28, 37, 44, 39, 30, 70, 18, 102, 128, 154, 59, 126, 27, 104, 57, 45, 111, 44, 17, 98, 81, 22, 80, 52, 4, 236, 57, 111, 3, 48, 133, 15, 18, 50, 6, 21, 87, 133, 18, 7, 257, 40, 5, 131, 16, 85, 40, 27, 24, 136, 35, 19, 76, 5, 99, 83, 32, 13, 182, 10, 61, 19, 39, 20, 35, 9, 58, 65, 151, 105, 139, 93, 15, 95, 8, 54, 6, 51, 42, 12, 51, 44, 81, 48, 26, 50, 198, 9, 66, 85, 49, 89, 20, 3, 39, 96, 101, 8, 11, 82, 41, 280, 18, 127, 28, 65, 117, 8, 99, 11, 23, 124, 61, 256, 75, 53, 56, 126, 26, 55, 5, 14, 18, 17, 13, 81, 47, 15, 143, 224, 84, 172, 133, 75, 53, 57, 31, 6, 185, 173, 140, 14, 15, 179, 24, 35, 133, 7, 30, 97, 82, 4, 26, 14, 78, 101, 83, 163, 40, 9, 107, 72, 135, 22, 43, 115, 121, 3, 14, 39, 263, 140, 49, 29, 91, 57, 100, 52, 22, 16, 4, 46, 101, 10, 93, 117, 17, 21, 80, 46, 341, 90, 25, 20, 44, 50, 60, 278, 28, 28, 164, 118, 12, 85, 15, 58, 36, 14, 40, 24, 100, 28, 126, 8, 53, 147, 7, 45, 153, 14, 20, 13, 47, 78, 15, 77, 74, 33, 71, 14, 140, 18, 72, 37, 89, 256, 51, 66, 71, 63, 189, 28, 13, 83, 21, 3, 21, 13, 18, 400, 57, 5, 316, 45, 25, 29, 11, 10, 184, 46, 99, 183, 15, 3, 42, 20, 73, 98, 26, 161, 33, 44, 64, 6, 178, 10, 21, 68, 12, 259, 35, 172, 213, 31, 74, 91, 25, 63, 28, 9, 155, 14, 174, 232, 16, 4, 16, 19, 65, 53, 41, 166, 26, 138, 50, 44, 14, 81, 27, 70, 205, 32, 12, 111, 6, 35, 57, 53, 56, 160, 34, 69, 14, 46, 79, 19, 61, 65, 110, 83, 227, 54, 3, 46, 181, 35, 121, 5, 26, 108, 5, 199, 136, 120, 68, 11, 36, 69, 10, 9, 30, 12, 68, 38, 129, 150, 90, 106, 222, 47, 42, 8, 69, 188, 46, 80, 109, 3, 145, 109, 95, 7, 111, 135, 600, 46, 109, 46, 25, 65, 160, 29, 6, 69, 19, 42, 74, 17, 12, 6, 82, 31, 86, 57, 18, 43, 22, 20, 68, 24, 25, 32, 4, 89, 272, 80, 19, 70, 91, 157, 169, 30, 24, 32, 3, 3, 123, 8, 23, 41, 11, 224, 83, 30, 52, 27, 3, 53, 28, 205, 39, 25, 19, 149, 9, 45, 12, 26, 59, 85, 125, 49, 34, 294, 56, 250, 11, 66, 79, 23, 71, 47, 76, 84, 16, 22, 871, 13, 28, 73, 20, 3, 37, 22, 81, 63, 207, 91, 9, 48, 96, 22, 20, 7, 23, 8, 41, 43, 49, 105, 68, 126, 8, 85, 53, 306, 15, 55, 125, 6, 27, 11, 4, 32, 105, 10, 18, 74, 153, 45, 15, 78, 23, 31, 23, 84, 169, 52, 67, 34, 22, 124, 174, 40, 58, 62, 111, 39, 10, 22, 168, 17, 59, 89, 24, 12, 40, 31, 73, 23, 15, 7, 25, 50, 29, 9, 11, 42, 122, 85, 117, 19, 168, 9, 48, 57, 6, 176, 150, 107, 10, 38, 30, 47, 17, 11, 20, 317, 12, 43, 148, 261, 191, 112, 68, 53, 115, 10, 31, 60, 86, 147, 52, 242, 369, 92, 121, 70, 109, 23, 13, 68, 150, 172, 19, 91, 69, 56, 27, 143, 74, 10, 30, 60, 23, 132, 6, 29, 21, 44, 67, 24, 11, 127, 51, 39, 61, 85, 66, 9, 81, 30, 155, 41, 4, 9, 83, 28, 81, 9, 26, 43, 39, 36, 21, 38, 196, 73, 72, 43, 39, 66, 92, 161, 58, 45, 14, 42, 31, 105, 51, 31, 58, 42, 9, 29, 23, 71, 32, 48, 119, 10, 16, 71, 60, 13, 90, 194, 22, 26, 99, 75, 79, 26, 3, 24, 44, 141, 31, 48, 50, 191, 90, 11, 23, 22, 65, 95, 24, 164, 6, 9, 13, 61, 43, 57, 39, 17, 295, 4, 89, 42, 36, 21, 36, 70, 63, 73, 117, 55, 63, 77, 92, 18, 5, 43, 17, 40, 4, 48, 69, 26, 7, 58, 29, 19, 46, 51, 108, 81, 6, 5, 285, 26, 3, 30, 3, 4, 9, 90, 17, 35, 46, 19, 79, 16, 193, 193, 64, 8, 103, 26, 96, 63, 18, 114, 271, 130, 57, 41, 87, 14, 38, 8, 44, 69, 8, 16, 202, 33, 82, 42, 13, 79, 111, 106, 113, 70, 94, 32, 115, 101, 75, 6, 47, 137, 48, 15, 136, 13, 82, 39, 6, 67, 47, 3, 133, 110, 49, 33, 30, 6, 152, 128, 60, 14, 64, 66, 14, 22, 52, 173, 7, 30, 142, 13, 30, 133, 7, 259, 122, 105, 101, 14, 5, 31, 38, 297, 158, 79, 12, 99, 16, 184, 96, 12, 39, 82, 10, 316, 74, 23, 79, 194, 47, 5, 200, 58, 67, 32, 426, 77, 4, 132, 144, 40, 203, 19, 45, 39, 30, 44, 56, 107, 43, 66, 45, 99, 68, 23, 29, 68, 57, 103, 160, 26, 147, 78, 62, 3, 108, 144, 36, 67, 31, 81, 97, 12, 22, 29, 67, 172, 29, 158, 137, 38, 21, 47, 53, 43, 38, 28, 67, 113, 34, 163, 52, 20, 197, 21, 11, 137, 31, 14, 11, 114, 19, 6, 53, 64, 68, 8, 10, 119, 163, 13, 5, 57, 36, 158, 65, 30, 10, 42, 79, 56, 78, 163, 38, 12, 29, 61, 40, 8, 103, 20, 9, 4, 152, 72, 205, 47, 107, 8, 17, 196, 49, 15, 45, 11, 19, 10, 39, 27, 95, 16, 6, 5, 16, 8, 52, 112, 160, 35, 15, 40, 12, 70, 57, 59, 32, 125, 39, 99, 8, 14, 12, 46, 69, 36, 4, 28, 22, 13, 117, 16, 80, 130, 6, 66, 4, 30, 3, 168, 30, 21, 132, 65, 259, 56, 130, 50, 83, 25, 16, 10, 79, 21, 21, 114, 344, 102, 63, 26, 223, 8, 9, 147, 4, 49, 29, 98, 28, 28, 21, 24, 21, 58, 58, 19, 23, 137, 70, 4, 134, 15, 32, 39, 39, 170, 156, 3, 89, 160, 18, 55, 73, 22, 39, 6, 200, 187, 31, 99, 34, 114, 4, 54, 26, 95, 30, 77, 56, 19, 29, 123, 57, 92, 7, 9, 109, 78, 17, 24, 97, 88, 10, 14, 49, 156, 22, 225, 51, 50, 80, 213, 140, 85, 7, 6, 217, 86, 118, 109, 16, 29, 63, 58, 180, 141, 34, 22, 39, 98, 15, 74, 30, 183, 3, 4, 10, 9, 65, 15, 149, 33, 37, 26, 8, 125, 110, 206, 10, 45, 83, 54, 31, 220, 79, 15, 182, 39, 56, 25, 215, 96, 185, 12, 187, 156, 11, 67, 47, 71, 77, 62, 4, 122, 7, 23, 33, 10, 17, 71, 6, 160, 25, 71, 71, 38, 42, 27, 9, 90, 66, 44, 17, 170, 180, 200, 232, 377, 57, 22, 22, 23, 71, 84, 57, 30, 18, 63, 57, 25, 27, 23, 14, 182, 15, 22, 282, 14, 46, 55, 50, 44, 41, 33, 29, 34, 7, 58, 51, 24, 117, 49, 146, 47, 74, 80, 58, 21, 23, 54, 3, 112, 126, 78, 67, 8, 56, 236, 5, 58, 11, 21, 116, 24, 90, 73, 7, 189, 23, 49, 3, 53, 4, 43, 18, 21, 3, 50, 10, 57, 8, 126, 30, 19, 195, 140, 8, 303, 9, 109, 130, 38, 110, 11, 101, 29, 9, 36, 21, 68, 155, 31, 36, 7, 12, 127, 60, 98, 21, 10, 73, 454, 5, 81, 62, 107, 4, 73, 12, 38, 75, 15, 87, 10, 213, 22, 22, 17, 70, 86, 118, 32, 97, 54, 7, 61, 65, 145, 10, 43, 19, 158, 37, 127, 5, 50, 111, 3, 10, 44, 14, 48, 12, 10, 27, 39, 23, 6, 100, 93, 43, 48, 83, 26, 49, 11, 33, 7, 327, 8, 32, 160, 29, 100, 92, 7, 9, 193, 58, 100, 9, 10, 81, 174, 18, 152, 15, 27, 5, 34, 164, 53, 3, 116, 55, 41, 10, 20, 59, 28, 73, 5, 108, 8, 117, 45, 156, 29, 6, 105, 88, 73, 10, 54, 15, 292, 58, 25, 77, 122, 97, 300, 150, 9, 54, 26, 57, 8, 11, 25, 79, 14, 35, 73, 13, 56, 75, 88, 30, 9, 115, 58, 3, 96, 7, 26, 12, 44, 12, 24, 37, 73, 42, 64, 147, 12, 3, 53, 77, 32, 8, 29, 123, 22, 24, 18, 129, 16, 44, 102, 