times <- c(15, 5, 5, 43, 8, 30, 5, 22, 14, 10, 8, 11, 25, 13, 20, 10, 47, 19, 15, 49, 39, 6, 10, 33, 36, 13, 14, 12, 32, 22, 4, 14, 12, 23, 27, 16, 16, 13, 15, 4, 7, 28, 9, 7, 44, 4, 12, 7, 7, 8, 48, 6, 24, 30, 4, 11, 11, 5, 27, 7, 5, 21, 28, 40, 23, 15, 5, 5, 14, 6, 24, 7, 26, 16, 30, 39, 65, 31, 9, 7, 5, 24, 14, 44, 45, 42, 6, 4, 14, 27, 29, 17, 10, 4, 6, 5, 14, 7, 7, 13, 9, 10, 15, 15, 10, 43, 5, 41, 34, 151, 21, 8, 15, 77, 29, 18, 26, 9, 6, 12, 26, 37, 6, 14, 12, 40, 27, 13, 8, 13, 5, 15, 26, 11, 20, 19, 6, 26, 28, 8, 39, 26, 9, 18, 6, 5, 58, 4, 25, 10, 8, 15, 18, 10, 4, 23, 53, 7, 4, 8, 11, 7, 26, 13, 5, 23, 23, 17, 27, 9, 9, 38, 33, 24, 6, 25, 7, 20, 9, 6, 24, 8, 7, 17, 38, 24, 4, 6, 17, 21, 21, 14, 5, 64, 15, 38, 19, 29, 13, 77, 23, 6, 22, 11, 29, 19, 13, 60, 17, 4, 24, 67, 20, 20, 5, 4, 8, 40, 12, 10, 11, 13, 24, 27, 4, 6, 11, 5, 5, 6, 26, 15, 13, 19, 21, 19, 6, 30, 36, 17, 4, 11, 18, 18, 16, 27, 12, 5, 8, 16, 26, 9, 62, 12, 6, 26, 5, 18, 25, 4, 35, 110, 21, 32, 30, 13, 19, 29, 33, 12, 6, 36, 34, 40, 48, 6, 10, 8, 5, 8, 15, 15, 6, 14, 36, 57, 10, 70, 42, 37, 5, 62, 44, 5, 14, 32, 12, 21, 13, 31, 7, 7, 15, 8, 14, 13, 21, 28, 11, 9, 30, 18, 16, 22, 4, 42, 31, 21, 8, 7, 34, 29, 48, 6, 6, 10, 6, 33, 20, 10, 12, 80, 25, 78, 9, 4, 11, 21, 23, 8, 12, 72, 19, 19, 28, 13, 27, 4, 8, 44, 4, 22, 8, 15, 8, 10, 28, 18, 52, 9, 11, 18, 11, 5, 20, 14, 4, 7, 6, 18, 13, 7, 13, 15, 23, 11, 44, 5, 55, 4, 10, 13, 6, 7, 28, 7, 7, 16, 4, 41, 14, 35, 4, 5, 19, 34, 6, 19, 9, 29, 29, 17, 19, 45, 6, 36, 23, 6, 24, 6, 40, 25, 4, 10, 17, 10, 30, 33, 60, 18, 53, 19, 12, 7, 9, 18, 19, 13, 9, 6, 76, 7, 13, 8, 23, 10, 17, 7, 35, 10, 5, 6, 7, 9, 6, 6, 16, 39, 7, 32, 18, 11, 14, 5, 72, 28, 18, 19, 22, 14, 49, 4, 23, 18, 20, 27, 32, 22, 19, 7, 34, 6, 11, 15, 40, 30, 17, 10, 9, 8, 7, 5, 14, 42, 6, 45, 4, 13, 5, 35, 37, 6, 31, 23, 12, 4, 18, 22, 35, 14, 4, 23, 4, 14, 8, 27, 11, 72, 4, 32, 22, 25, 15, 6, 8, 5, 9, 16, 19, 14, 6, 10, 18, 23, 19, 8, 7, 6, 14, 19, 6, 24, 11, 20, 33, 22, 37, 14, 48, 27, 23, 14, 7, 13, 15, 20, 24, 26, 6, 8, 15, 18, 14, 13, 4, 24, 21, 56, 19, 8, 5, 4, 6, 35, 19, 9, 4, 19, 25, 8, 5, 20, 5, 6, 10, 18, 25, 4, 7, 6, 11, 8, 23, 25, 4, 10, 20, 7, 5, 20, 32, 5, 30, 27, 5, 6, 14, 5, 6, 78, 43, 6, 11, 49, 6, 10, 14, 6, 7, 8, 6, 10, 15, 4, 8, 17, 11, 19, 8, 4, 11, 8, 9, 78, 12, 13, 11, 11, 7, 16, 7, 24, 31, 11, 19, 12, 11, 10, 19, 39, 15, 10, 7, 35, 46, 5, 4, 6, 9, 12, 13, 13, 6, 15, 29, 9, 9, 7, 8, 14, 7, 15, 11, 38, 25, 7, 17, 20, 8, 5, 4, 5, 5, 6, 50, 4, 26, 10, 6, 10, 5, 5, 41, 23, 9, 6, 6, 4, 11, 4, 9, 12, 18, 23, 4, 52, 56, 18, 5, 28, 69, 11, 23, 11, 54, 4, 10, 14, 14, 9, 12, 21, 28, 8, 14, 12, 6, 6, 29, 24, 10, 12, 68, 22, 23, 8, 34, 27, 14, 9, 21, 31, 8, 6, 56, 31, 4, 24, 20, 15, 17, 11, 15, 7, 16, 5, 6, 12, 18, 5, 31, 19, 16, 15, 90, 14, 16, 57, 9, 7, 4, 31, 41, 6, 4, 6, 6, 14, 7, 6, 13, 31, 24, 32, 15, 35, 6, 11, 9, 96, 8, 37, 16, 43, 24, 7, 4, 16, 20, 13, 34, 12, 21, 7, 18, 22, 22, 9, 7, 31, 10, 12, 5, 20, 19, 92, 16, 9, 51, 7, 22, 9, 8, 10, 17, 7, 36, 5, 9, 12, 9, 18, 55, 10, 34, 18, 11, 34, 19, 20, 17, 8, 45, 12, 13, 36, 8, 13, 12, 34, 17, 5, 5, 47, 11, 20, 34, 37, 39, 10, 30, 6, 13, 6, 21, 4, 55, 27, 24, 7, 6, 5, 4, 14, 14, 12, 4, 24, 13, 27, 8, 7, 15, 19, 26, 12, 23, 13, 11, 18, 12, 9, 10, 39, 7, 8, 5, 4, 54, 8, 29, 8, 13, 12, 12, 12, 21, 11, 26, 4, 33, 22, 14, 12, 8, 11, 21, 10, 9, 21, 11, 6, 18, 13, 9, 6, 23, 7, 10, 5, 26, 4, 5, 5, 62, 36, 4, 36, 7, 42, 25, 31, 22, 33, 4, 4, 7, 14, 6, 15, 9, 42, 29, 13, 6, 8, 6, 19, 19, 6, 31, 32, 20, 13, 10, 7, 13, 9, 17, 25, 23, 18, 35, 15, 14, 15, 12, 33, 13, 24, 26, 22, 17, 44, 7, 12, 14, 16, 13, 10, 17, 4, 17, 72, 15, 39, 9, 40, 7, 44, 18, 4, 18, 5, 19, 5, 6, 24, 7, 106, 11, 30, 9, 6, 5, 12, 66, 6, 14, 7, 20, 12, 9, 39, 28, 26, 19, 21, 8, 46, 16, 6, 19, 21, 7, 6, 5, 53, 38, 35, 23, 11, 8, 9, 14, 19, 47, 5, 11, 15, 24, 33, 14, 13, 10, 6, 24, 8, 29, 5, 16, 10, 6, 8, 7, 5, 12, 39, 28, 29, 18, 16, 20, 10, 62, 44, 37, 29, 26, 36, 11, 19, 35, 18, 9, 6, 5, 6, 10, 16, 85, 24, 10, 19, 49, 5, 4, 18, 7, 11, 59, 21, 7, 34, 10, 13, 13, 9, 4, 14, 5, 9, 18, 5, 5, 18, 20, 5, 120, 55, 75, 43, 28, 8, 6, 5, 7, 30, 19, 21, 37, 4, 5, 41, 20, 29, 22, 36, 7, 21, 9, 6, 9, 4, 5, 10, 12, 6, 13, 4, 15, 4, 4, 7, 8, 39, 28, 8, 35, 14, 10, 9, 7, 11, 17, 19, 51, 58, 59, 6, 12, 5, 12, 12, 14, 24, 12, 28, 27, 28, 7, 11, 5, 48, 29, 14, 6, 4, 10, 44, 5, 20, 9, 42, 11, 11, 12, 19, 17, 4, 11, 9, 4, 8, 8, 13, 19, 15, 11, 31, 7, 31, 14, 17, 7, 11, 40, 7, 7, 5, 16, 88, 9, 22, 11, 18, 36, 12, 4, 30, 4, 45, 7, 13, 6, 29, 13, 16, 16, 49, 4, 20, 22, 5, 43, 26, 7, 4, 27, 29, 11, 17, 31, 6, 10, 47, 4, 5, 10, 44, 18, 21, 12, 20, 27, 10, 18, 16, 43, 9, 6, 20, 37, 6, 19, 10, 6, 40, 16, 28, 18, 15, 11, 11, 9, 7, 26, 19, 12, 4, 19, 11, 14, 8, 25, 8, 50, 60, 11, 23, 45, 40, 15, 7, 19, 38, 7, 31, 9, 14, 15, 35, 9, 24, 6, 35, 8, 19, 7, 21, 9, 7, 20, 70, 16, 6, 21, 5, 15, 5, 32, 6, 8, 5, 58, 11, 4, 29, 10, 19, 12, 9, 4, 6, 8, 26, 33, 7, 7, 17, 10, 9, 17, 15, 8, 13, 86, 52, 6, 44, 4, 7, 11, 9, 35, 6, 16, 4, 5, 26, 31, 19, 25, 12, 9, 4, 18, 20, 6, 30, 5, 45, 4, 19, 17, 11, 20, 15, 16, 24, 6, 5, 39, 10, 4, 15, 6, 21, 5, 4, 9, 5, 37, 34, 32, 5, 23, 31, 23, 12, 19, 4, 25, 22, 32, 14, 8, 11, 5, 17, 19, 4, 24, 21, 17, 40, 7, 21, 52, 18, 12, 6, 32, 7, 12, 25, 22, 14, 31, 5, 6, 9, 11, 7, 6, 7, 16, 5, 8, 28, 51, 6, 6, 30, 9, 26, 21, 6, 9, 13, 21, 13, 18, 13, 8, 4, 10, 5, 14, 6, 18, 13, 50, 14, 27, 7, 8, 34, 6, 5, 43, 7, 10, 39, 7, 17, 9, 6, 10, 15, 6, 7, 9, 5, 29, 4, 13, 22, 7, 43, 5, 5, 5, 7, 11, 12, 13, 4, 11, 13, 5, 26, 5, 10, 16, 7, 36, 18, 9, 15, 5, 10, 11, 4, 10, 14, 46, 5, 22, 6, 4, 22, 5, 26, 5, 8, 5, 15, 22, 13, 30, 65, 12, 20, 30, 24, 12, 17, 7, 19, 32, 11, 42, 8, 22, 25, 4, 24, 8, 17, 12, 11, 6, 5, 20, 6, 5, 17, 25, 39, 36, 8, 27, 5, 16, 8, 31, 44, 11, 9, 26, 12, 19, 6, 21, 4, 10, 22, 16, 7, 12, 20, 33, 20, 15, 6, 19, 4, 8, 7, 15, 11, 8, 19, 10, 24, 4, 5, 8, 34, 23, 22, 12, 5, 13, 34, 26, 65, 15, 9, 30, 5, 8, 7, 13, 50, 45, 13, 19, 38, 37, 25, 7, 66, 18, 58, 7, 11, 4, 35, 11, 36, 12, 7, 6, 17, 29, 7, 9, 38, 6, 13, 8, 14, 14, 26, 18, 14, 29, 18, 7, 9, 48, 4, 28, 23, 46, 4, 25, 16, 31, 68, 9, 22, 26, 6, 5, 9, 12, 24, 39, 11, 6, 35, 7, 6, 4, 22, 68, 4, 35, 20, 7, 4, 8, 23, 4, 7, 9, 7, 4, 82, 32, 20, 23, 37, 7, 16, 45, 14, 10, 23, 16, 26, 48, 12, 12, 18, 16, 20, 12, 8, 6, 13, 4, 17, 9, 14, 8, 32, 4, 26, 17, 42, 24, 4, 10, 25, 14, 78, 5, 22, 5, 8, 15, 36, 10, 4, 16, 21, 19, 23, 8, 27, 12, 24, 13, 8, 5, 9, 10, 18, 34, 39, 14, 16, 5, 9, 8, 17, 29, 19, 11, 7, 4, 68, 20, 60, 16, 15, 9, 13, 12, 4, 27, 22, 20, 12, 7, 7, 10, 5, 11, 6, 17, 32, 9, 8, 13, 35, 26, 16, 19, 27, 17, 10, 50, 7, 5, 13, 5, 11, 31, 13, 23, 16, 16, 17, 19, 29, 4, 18, 28, 36, 39, 5, 8, 14, 10, 17, 50, 5, 4, 20, 17, 9, 22, 14, 6, 17, 11, 4, 6, 41, 15, 16, 7, 11, 4, 9, 5, 4, 9, 6, 9, 6, 11, 12, 13, 12, 34, 10, 19, 6, 22, 13, 20, 5, 4, 24, 4, 4, 15, 39, 10, 11, 4, 35, 19, 5, 13, 28, 8, 37, 33, 39, 8, 6, 8, 7, 19, 21, 20, 10, 17, 6, 5, 9, 18, 19, 5, 30, 7, 8, 53, 22, 17, 33, 13, 14, 4, 26, 28, 15, 10, 4, 12, 14, 12, 36, 60, 9, 8, 26, 29, 19, 10, 14, 14, 21, 12, 5, 18, 4, 10, 18, 14, 46, 43, 24, 7, 8, 9, 17, 6, 6, 11, 4, 10, 5, 37, 8, 4, 50, 15, 15, 25, 11, 25, 41, 17, 13, 7, 30, 6, 29, 13, 24, 12, 4, 19, 22, 30, 9, 35, 24, 23, 29, 5, 23, 11, 7, 7, 48, 19, 5, 5, 9, 4, 30, 7, 19, 26, 18, 4, 14, 17, 33, 22, 24, 37, 4, 26, 33, 15, 10, 59, 7, 16, 7, 19, 4, 18, 15, 4, 8, 14, 8, 31, 5, 37, 20, 8, 35, 4, 18, 13, 53, 11, 4, 71, 28, 4, 15, 32, 22, 15, 6, 24, 4, 6, 4, 7, 4, 14, 8, 15, 50, 25, 21, 17, 24, 7, 6, 67, 4, 32, 6, 8, 14, 16, 9, 31, 8, 36, 22, 15, 15, 4, 8, 7, 5, 5, 24, 5, 12, 10, 7, 6, 29, 15, 13, 5, 7, 4, 25, 19, 24, 26, 5, 14, 26, 10, 9, 7, 6, 44, 11, 12, 12, 5, 10, 6, 4, 19, 27, 9, 7, 5, 11, 21, 11, 23, 8, 10, 46, 11, 24, 17, 4, 12, 13, 14, 7, 15, 30, 23, 9, 11, 50, 33, 8, 8, 20, 12, 14, 59, 19, 8, 7, 7, 4, 29, 14, 28, 7, 31, 33, 14, 6, 4, 8, 37, 17, 13, 28, 9, 71, 21, 18, 36, 5, 8, 4, 24, 17, 14, 8, 37, 7, 9, 37, 32, 12, 15, 9, 17, 16, 42, 16, 6, 14, 23, 43, 15, 7, 30, 16, 15, 5, 40, 15, 25, 14, 36, 14,