times <- c(14, 18, 4, 20, 7, 17, 20, 21, 11, 18, 5, 19, 24, 5, 28, 9, 46, 18, 76, 13, 31, 11, 15, 37, 24, 12, 23, 11, 29, 27, 14, 29, 5, 31, 20, 15, 34, 23, 14, 84, 12, 27, 8, 13, 30, 13, 11, 22, 11, 7, 8, 25, 23, 57, 19, 10, 8, 4, 24, 63, 38, 33, 19, 7, 22, 4, 38, 15, 25, 13, 15, 6, 37, 13, 29, 12, 5, 28, 8, 6, 4, 5, 11, 36, 11, 7, 5, 10, 13, 14, 60, 16, 7, 83, 5, 4, 13, 4, 4, 12, 31, 7, 14, 14, 29, 31, 11, 19, 20, 14, 20, 5, 25, 36, 28, 15, 14, 8, 14, 11, 23, 12, 51, 27, 11, 11, 26, 5, 12, 10, 4, 14, 25, 10, 19, 32, 36, 39, 21, 7, 21, 23, 8, 9, 29, 44, 9, 8, 14, 46, 7, 14, 13, 9, 23, 77, 29, 6, 17, 5, 30, 4, 6, 12, 4, 5, 9, 16, 26, 15, 23, 79, 9, 4, 19, 6, 6, 6, 8, 21, 23, 5, 6, 16, 10, 23, 21, 5, 16, 18, 102, 5, 4, 25, 26, 37, 24, 15, 57, 81, 5, 23, 19, 16, 16, 26, 54, 23, 31, 12, 5, 6, 50, 9, 38, 19, 5, 34, 23, 7, 39, 12, 43, 9, 15, 32, 10, 30, 14, 35, 17, 14, 8, 18, 13, 18, 5, 29, 15, 64, 10, 10, 50, 22, 15, 8, 7, 4, 25, 51, 36, 8, 23, 26, 5, 8, 12, 17, 15, 15, 4, 35, 20, 37, 37, 27, 12, 28, 11, 21, 5, 4, 7, 28, 30, 5, 7, 21, 4, 5, 28, 14, 5, 40, 11, 10, 7, 30, 13, 25, 4, 23, 48, 20, 46, 29, 19, 20, 17, 21, 16, 80, 14, 7, 27, 12, 34, 27, 10, 35, 29, 4, 9, 53, 23, 39, 4, 44, 7, 12, 33, 8, 55, 5, 60, 17, 45, 18, 19, 7, 11, 53, 18, 8, 14, 8, 10, 5, 20, 27, 23, 71, 13, 102, 18, 70, 26, 67, 57, 7, 10, 7, 13, 7, 5, 9, 46, 23, 6, 8, 18, 17, 24, 4, 5, 11, 24, 20, 5, 57, 4, 15, 5, 10, 28, 10, 43, 56, 22, 18, 9, 77, 5, 6, 75, 6, 6, 43, 10, 40, 11, 13, 9, 4, 16, 49, 5, 24, 8, 43, 7, 10, 32, 17, 5, 13, 22, 23, 21, 13, 18, 20, 16, 9, 26, 25, 20, 32, 57, 17, 26, 18, 17, 16, 8, 15, 10, 6, 15, 5, 18, 28, 12, 7, 58, 14, 16, 6, 29, 16, 15, 5, 6, 8, 10, 12, 15, 8, 6, 31, 15, 31, 9, 4, 25, 17, 15, 61, 9, 7, 27, 21, 15, 13, 17, 26, 21, 38, 51, 12, 51, 15, 54, 14, 37, 21, 14, 19, 30, 7, 6, 4, 13, 18, 5, 25, 15, 43, 4, 6, 46, 43, 38, 14, 37, 31, 17, 17, 32, 7, 21, 80, 8, 13, 23, 26, 10, 13, 10, 8, 5, 5, 22, 5, 30, 16, 8, 15, 18, 6, 5, 4, 17, 22, 9, 18, 16, 28, 13, 18, 13, 23, 10, 33, 30, 11, 36, 44, 59, 26, 8, 33, 11, 12, 12, 19, 15, 25, 5, 7, 14, 15, 13, 24, 18, 6, 29, 24, 8, 7, 12, 12, 52, 23, 18, 8, 26, 27, 24, 24, 45, 12, 4, 85, 18, 17, 67, 11, 27, 5, 19, 7, 8, 22, 22, 9, 19, 27, 4, 128, 31, 4, 29, 24, 10, 11, 6, 61, 5, 12, 51, 10, 58, 23, 24, 9, 13, 5, 6, 7, 14, 9, 20, 37, 7, 25, 8, 8, 16, 16, 10, 7, 8, 17, 5, 12, 16, 8, 6, 13, 6, 39, 28, 8, 11, 37, 16, 26, 18, 47, 5, 21, 6, 15, 9, 4, 63, 13, 42, 30, 12, 17, 5, 32, 9, 6, 8, 6, 12, 51, 50, 14, 15, 51, 35, 37, 29, 19, 7, 34, 63, 4, 13, 5, 21, 13, 21, 9, 5, 9, 4, 12, 27, 43, 6, 22, 43, 12, 6, 39, 8, 20, 11, 13, 10, 11, 38, 26, 4, 14, 4, 46, 22, 10, 31, 21, 9, 9, 13, 48, 9, 20, 5, 36, 8, 40, 14, 11, 15, 21, 9, 11, 10, 36, 15, 14, 67, 12, 46, 13, 20, 30, 14, 5, 53, 47, 18, 23, 41, 8, 16, 15, 14, 15, 5, 4, 36, 9, 61, 10, 28, 8, 40, 12, 22, 6, 15, 21, 8, 6, 52, 30, 35, 5, 21, 5, 5, 23, 4, 44, 31, 5, 23, 21, 35, 12, 5, 22, 16, 15, 7, 36, 13, 62, 29, 6, 10, 34, 4, 12, 42, 11, 8, 6, 17, 21, 21, 8, 12, 18, 9, 11, 4, 17, 18, 6, 15, 53, 13, 11, 21, 14, 34, 9, 42, 4, 16, 4, 18, 9, 8, 12, 14, 9, 27, 15, 4, 31, 12, 17, 16, 5, 12, 5, 6, 12, 7, 19, 11, 7, 34, 24, 4, 44, 10, 5, 51, 36, 8, 23, 29, 15, 31, 41, 81, 9, 26, 10, 33, 4, 32, 4, 59, 37, 7, 38, 8, 9, 10, 9, 43, 14, 33, 24, 18, 21, 37, 12, 10, 27, 25, 8, 9, 7, 19, 61, 41, 18, 49, 7, 19, 7, 12, 6, 25, 27, 20, 18, 23, 62, 9, 7, 6, 19, 7, 5, 20, 15, 8, 4, 8, 5, 46, 6, 6, 15, 22, 6, 53, 11, 25, 32, 17, 14, 35, 35, 19, 35, 6, 6, 15, 30, 9, 37, 21, 9, 65, 8, 23, 41, 8, 41, 10, 30, 85, 5, 5, 18, 30, 15, 30, 25, 17, 34, 7, 40, 38, 8, 49, 11, 22, 22, 28, 31, 7, 14, 19, 26, 12, 4, 25, 21, 16, 58, 16, 20, 13, 5, 12, 17, 22, 24, 4, 44, 14, 38, 6, 10, 17, 38, 6, 22, 4, 12, 18, 4, 5, 23, 4, 39, 10, 18, 8, 24, 16, 11, 15, 5, 13, 39, 4, 7, 6, 10, 35, 10, 18, 20, 18, 43, 7, 48, 18, 5, 23, 23, 24, 52, 16, 5, 13, 33, 45, 8, 6, 18, 8, 4, 10, 14, 12, 32, 13, 12, 47, 12, 10, 5, 28, 23, 11, 7, 36, 7, 26, 4, 11, 19, 27, 7, 39, 10, 10, 9, 48, 5, 4, 28, 16, 4, 10, 10, 30, 24, 6, 5, 20, 5, 9, 22, 69, 11, 35, 18, 61, 4, 8, 42, 24, 16, 75, 37, 19, 25, 7, 12, 12, 8, 19, 7, 50, 15, 24, 14, 11, 5, 19, 4, 25, 9, 25, 10, 27, 33, 17, 4, 6, 36, 7, 7, 28, 30, 4, 40, 15, 14, 6, 5, 23, 9, 8, 18, 8, 11, 14, 9, 18, 5, 12, 9, 14, 36, 16, 6, 21, 38, 27, 7, 34, 11, 9, 8, 12, 17, 7, 54, 26, 28, 19, 5, 41, 15, 6, 11, 11, 7, 11, 27, 24, 50, 4, 10, 11, 45, 20, 13, 21, 28, 24, 70, 26, 19, 24, 32, 21, 24, 7, 16, 14, 48, 35, 37, 15, 7, 23, 4, 8, 10, 34, 26, 22, 9, 51, 16, 20, 10, 37, 17, 42, 27, 8, 8, 6, 21, 8, 31, 4, 11, 9, 35, 45, 38, 6, 18, 50, 13, 12, 13, 4, 21, 13, 9, 7, 45, 29, 19, 6, 51, 7, 58, 8, 52, 5, 5, 21, 5, 21, 4, 7, 31, 28, 5, 11, 19, 12, 7, 7, 15, 42, 14, 41, 19, 36, 14, 6, 7, 63, 39, 15, 5, 23, 14, 5, 10, 8, 4, 25, 18, 11, 9, 4, 19, 26, 7, 11, 16, 32, 32, 30, 22, 42, 39, 12, 4, 41, 50, 6, 17, 8, 39, 27, 34, 8, 23, 5, 34, 50, 32, 12, 5, 6, 17, 27, 5, 22, 5, 20, 4, 12, 14, 23, 5, 7, 4, 45, 8, 17, 16, 9, 16, 32, 8, 45, 14, 5, 36, 16, 6, 6, 37, 21, 17, 14, 14, 7, 21, 5, 35, 10, 28, 38, 23, 10, 8, 13, 5, 36, 31, 15, 23, 48, 11, 30, 27, 6, 17, 17, 10, 5, 29, 4, 36, 38, 11, 5, 10, 19, 57, 11, 23, 31, 13, 36, 5, 13, 14, 24, 9, 34, 20, 8, 83, 32, 8, 39, 21, 76, 17, 28, 7, 29, 20, 18, 5, 6, 13, 17, 8, 4, 16, 9, 14, 34, 7, 34, 9, 26, 20, 8, 17, 4, 15, 10, 6, 11, 50, 17, 4, 30, 4, 5, 8, 10, 40, 5, 35, 5, 44, 5, 27, 44, 40, 10, 8, 8, 102, 4, 16, 8, 12, 15, 5, 17, 8, 7, 20, 9, 15, 13, 20, 22, 40, 31, 8, 17, 6, 13, 15, 20, 11, 19, 12, 26, 27, 17, 14, 6, 5, 9, 8, 5, 45, 8, 12, 15, 8, 12, 28, 6, 42, 19, 4, 56, 25, 8, 90, 12, 46, 10, 22, 33, 18, 4, 38, 7, 16, 30, 30, 8, 33, 17, 9, 52, 14, 5, 21, 43, 32, 21, 5, 34, 33, 4, 23, 35, 7, 23, 37, 74, 6, 27, 25, 11, 19, 29, 23, 9, 5, 6, 18, 31, 10, 13, 7, 21, 24, 12, 7, 7, 34, 11, 10, 5, 4, 4, 15, 4, 14, 24, 10, 13, 5, 17, 26, 11, 7, 30, 27, 20, 6, 6, 11, 18, 5, 16, 13, 9, 54, 15, 6, 32, 17, 12, 13, 5, 14, 8, 16, 7, 6, 14, 21, 5, 12, 18, 29, 10, 14, 5, 76, 82, 21, 11, 4, 19, 5, 25, 5, 7, 8, 29, 4, 44, 12, 60, 49, 42, 87, 34, 54, 34, 12, 6, 80, 17, 24, 25, 33, 31, 4, 21, 4, 63, 6, 44, 51, 48, 6, 6, 8, 28, 35, 12, 34, 35, 39, 26, 13, 21, 15, 6, 39, 7, 62, 14, 32, 32, 12, 9, 50, 30, 7, 39, 21, 73, 5, 13, 6, 5, 52, 9, 37, 5, 4, 16, 15, 12, 50, 36, 40, 9, 10, 19, 12, 34, 39, 10, 36, 8, 6, 12, 19, 5, 19, 78, 21, 35, 15, 37, 13, 9, 53, 15, 25, 29, 19, 16, 9, 25, 19, 9, 7, 46, 24, 27, 42, 16, 35, 5, 41, 9, 6, 16, 24, 21, 28, 30, 24, 13, 22, 13, 36, 4, 5, 14, 20, 7, 36, 15, 8, 5, 20, 7, 15, 9, 11, 4, 17, 16, 15, 7, 4, 7, 15, 5, 15, 12, 31, 7, 16, 50, 18, 49, 4, 42, 31, 19, 13, 15, 19, 25, 4, 9, 17, 14, 10, 13, 11, 88, 29, 22, 4, 10, 29, 16, 12, 36, 13, 12, 61, 25, 46, 5, 10, 6, 32, 47, 6, 23, 10, 4, 10, 12, 6, 22, 15, 15, 44, 4, 13, 27, 17, 27, 33, 11, 4, 7, 13, 7, 5, 22, 4, 10, 14, 38, 8, 19, 13, 38, 14, 66, 9, 5, 10, 37, 15, 6, 17, 9, 64, 9, 19, 8, 25, 6, 5, 45, 5, 29, 11, 12, 7, 18, 5, 21, 12, 31, 10, 70, 23, 9, 21, 21, 38, 9, 10, 15, 34, 30, 4, 6, 42, 5, 34, 32, 53, 5, 5, 46, 11, 18, 29, 19, 76, 16, 5, 4, 8, 7, 18, 14, 8, 59, 7, 52, 21, 10, 41, 12, 13, 48, 25, 27, 20, 7, 9, 11, 9, 4, 26, 57, 8, 7, 23, 81, 14, 9, 13, 100, 32, 11, 4, 4, 9, 5, 17, 5, 45, 53, 23, 6, 7, 6, 31, 5, 5, 18, 15, 7, 10, 21, 39, 34, 30, 6, 27, 18, 10, 64, 16, 26, 18, 6, 46, 12, 5, 12, 8, 9, 11, 18, 17, 27, 8, 41, 51, 16, 19, 9, 16, 18, 17, 32, 22, 59, 9, 4, 4, 24, 52, 4, 18, 18, 37, 8, 13, 28, 44, 4, 23, 36, 33, 14, 32, 12, 7, 18, 4, 11, 6, 24, 78, 6, 14, 36, 27, 19, 7, 10, 4, 20, 19, 12, 24, 19, 9, 10, 48, 10, 14, 19, 21, 45, 14, 31, 6, 21, 5, 6, 23, 22, 12, 14, 12, 13, 5, 4, 20, 24, 20, 16, 11, 11, 5, 34, 8, 5, 33, 36, 6, 36, 8, 57, 7, 17, 40, 29, 14, 11, 7, 14, 58, 60, 23, 9, 11, 32, 6, 25, 28, 28, 10, 4, 37, 16, 87, 10, 10, 25, 22, 22, 50, 9, 8, 6, 41, 54, 8, 48, 9, 4, 9, 19, 22, 24, 15, 8, 17, 41, 24, 9, 19, 8, 7, 20, 35, 10, 23, 25, 8, 7, 12, 11, 6, 7, 29, 8, 18, 29, 35, 32, 77, 34, 19, 7, 23, 16, 18, 7, 43, 6, 12, 49, 7, 9, 4, 26, 7, 32, 5, 35, 7, 36, 14, 12, 44, 6, 22, 20, 17, 15, 29, 5, 15, 23, 21, 13, 7, 